0.9110975626654747
0.6695303658334493
0.9324384624320162
0.6399880571178918
0.9374908480457367
0.6334244229760005
0.9389756590843485
0.6539953497090871
0.9447022855539747
0.6147824893120994
0.958660464815831
0.6078658382659105
0.9586780890245159
0.596836929155392
0.9605737351992639
0.6028102703814237
0.9633000264148934
0.5879342538317933
0.9641837959383182
0.5962554531342358
0.9634096706092582
0.594470488055216
0.9638282833028596
0.5926969373144257
0.9651377366526537
0.5892913961881171
0.9643857098986959
0.5936665973703374
0.9651205333480511
0.5948521285153798
