0.5933486887640567
0.3632689054093687
0.6532826306194919
0.4491232826920629
0.6783341829465414
0.49328585369972566
0.6829413654117956
0.46811116914450634
0.6977921171355873
0.441988141374976
0.7376386512166883
0.49206365534095364
0.747484769464338
0.4969726875773796
0.7523024576695331
0.5151730882671645
0.7601537417828029
0.5146395490849235
0.7622707539866963
0.5100730039753821
0.7651819102609201
0.5152815133089431
0.7596671009303478
0.5168547672743183
0.7623626626479635
0.5191671768273869
0.7654597947125765
0.512060603339171
0.7604876082867493
0.5149720315747829
