0.28853325231203253
0.26454819502077986
0.29263693814083835
0.3047761617969668
0.29426747480382237
0.2940591116929369
0.29634990864194377
0.26461558962663967
0.2944843402320451
0.258586222070854
0.29330745610360537
0.25885940451784006
0.2979316169645135
0.26862854146914494
0.2929786835934838
0.285324402071421
0.29678927356102147
0.2803186173299391
0.2966612919020726
0.26868659208889994
0.2946436647850259
0.27622217627534534
0.2948167584357065
0.2763971994218708
0.29537819818446714
0.2756896123967757
0.2950749180199308
0.27642873553149844
0.2955327280404208
0.27693528557911945
