0.6486783795263655
0.6358103237218147
0.6941631934886984
0.5152051426914763
0.7022621955855115
0.5664096771240599
0.7085162175295626
0.6673557989170097
0.7098055260407748
0.6984903568828336
0.7124958634599349
0.6945891399877075
0.7141781849385819
0.6660427881868134
0.7249657228714536
0.6101610668548803
0.7252357220958107
0.6318401278514927
0.7229321734187908
0.6723483747842592
0.7274691986145697
0.6465826065164055
0.7232304076350552
0.6491339911563223
0.7261161059613266
0.6504375478968858
0.7323992007436536
0.6451847540316841
0.7247526410453817
0.6441728560858744
