0.8966361422425666
0.8648193042967897
0.9365533956481091
0.725694720454826
0.9428759051723888
0.8038888210567436
0.9469198842323981
0.7432518631935388
0.9496568208166006
0.7256607927453904
0.95138368948383
0.8166636232625584
0.9608937954777279
0.7065634321782942
0.9638565176710436
0.7342133011465967
0.9642923336117308
0.7200836664788209
0.964918456350448
0.7292786384238172
0.9662282409965518
0.7133918678808466
0.9650952113602665
0.718943620870866
0.9669767279512842
0.7193435584120207
0.9659804891423971
0.7158309663345156
0.9673952050637765
0.7156076783584727
