0.9266474449893053
0.8917566317311866
0.9439876692993324
0.8741690940395686
0.9479816478194756
0.9440773530267959
0.9504143498283366
0.8959855428375743
0.9526860649978476
0.9037281815203024
0.9536089115621357
0.8711645312148861
0.9541649589852973
0.6431272239171366
0.9694839940320833
0.9115293205112059
0.9707119435065872
0.8947504842002514
0.9712641548441122
0.8812579296836118
0.9719037588088089
0.8976551561236695
0.974503844477356
0.885810851949284
0.9746369456194414
0.882441185888132
0.9740120171301293
0.8934426077697865
0.974866349353902
0.8960466419323808
