0.6653255232856866
0.659548675316641
0.7084600238042766
0.6751428449484056
0.722501394995741
0.5721918076941876
0.7312350213333849
0.6770445823235549
0.7430616991315271
0.581838756150051
0.7465569479707092
0.7005007346966549
0.7511057777472159
0.757977115051382
0.8123416431477117
0.6992684164890454
0.8220607884604956
0.7301405198724377
0.8260255996185161
0.7082807925366056
0.8283409234293689
0.7292804412208248
0.8387176403105836
0.724539818471292
0.8404472830875885
0.7285280056871062
0.8388170396912911
0.7107756720399289
0.8407667518487383
0.7176646487693789
