0.9119988254304723
0.664511511702615
0.9337729323875021
0.6758150896611059
0.9409707021917808
0.5448475638110942
0.9445350760310555
0.560611777411434
0.9475056726304899
0.653320029655841
0.9595112519172463
0.6213758035735302
0.9606044557748805
0.5748188720331651
0.9627853901555896
0.5743724537891655
0.9633298147551264
0.5947776076798611
0.9630493557336508
0.5974267201545077
0.9634080719030452
0.5973928178009388
0.9645695742179822
0.5949001865332877
0.9646852710882999
0.5946185686184206
0.9625429995125767
0.5970456738100927
0.9640559122664216
0.5964216532331735
