0.905730476270039
0.8580913428513577
0.9396423826521717
0.9247950811189826
0.9405989558959268
0.8157561001107689
0.9472862308853415
0.8078258297134057
0.9518614763824103
0.8235746763593789
0.9689581538221447
0.8864579073317279
0.9700422201871163
0.8610522461686563
0.9703869884372297
0.8057341691737148
0.971496155528647
0.8496537150171525
0.976298316685726
0.8412921402098007
0.9760915438983181
0.8466326610776825
0.9744522897345556
0.8605118123964638
0.974569714176457
0.856331394327497
0.9765310172795294
0.8520031932171327
0.9759455274800056
0.85105402457936
