0.5877861840877793
0.4434154992307927
0.6750749668392215
0.5576918951018457
0.7073582043878159
0.5820531101188628
0.7175342269692387
0.5448934321760851
0.7306310263060255
0.5923395813421057
0.7422643842433411
0.5559104217024449
0.7740966579962949
0.66123194943462
0.7836210338768103
0.6613211084160675
0.7885981777757236
0.6697905526671264
0.7927954348570379
0.6546818948931998
0.7963645137431531
0.6658277341184272
0.7946030286201067
0.6585697587206049
0.7993387028669691
0.6613580375486757
0.7942428484846281
0.6650009707412126
0.8029034835433814
0.6640065741355277
