0.4056236440579052
0.2399498524787964
0.43554345767754654
0.2836920481953138
0.45208232686661065
0.3128528361500169
0.46303436728795144
0.31213613975167204
0.46549271890341815
0.3303336572915279
0.47343775089825657
0.35649527965790384
0.47419458772392287
0.335653627129641
0.4813350287575254
0.36829913052889696
0.4909660669496923
0.3593180426232157
0.4945399703859805
0.35692925720180707
0.4958537751783384
0.3649157208501959
0.5018431168155715
0.3580657521039338
0.500648007160304
0.36175466371789133
0.49930683567505696
0.3573072286998465
0.5000133516381201
0.35896098676944127
0.5020192971791749
0.3592817398146231
0.5001803204895435
0.35941967287861537
0.502096117719521
0.3591537675224407
0.5015000826796945
0.35949346658529424
0.4992269464598664
0.3600587152010702
