0.6135479264071025
0.6144834856630733
0.6841571897392225
0.5778974644138161
0.7120485853900113
0.7069671978609178
0.7199108091593514
0.7327032387796296
0.7288245670215224
0.7276137400028638
0.7932624700411184
0.702596684786745
0.8078894521176032
0.7271668566745704
0.8134265079464634
0.7532157882443526
0.8193912266009039
0.7247455307208573
0.8294769916522781
0.7449615985159075
0.8341291561812287
0.7413644127385168
0.8334759531036496
0.7359738550025101
0.8347697886487119
0.7410004704507323
0.8337602705320473
0.7410293835394819
0.8342988273484682
0.7426762937506795
