0.906112102119977
0.6856252124374806
0.9277920157564307
0.6069463237523642
0.9342210348410547
0.6093852616783992
0.9412976124673049
0.5846601608262638
0.9494205850046535
0.639391842026502
0.9531468220013951
0.6148651916245648
0.9526101523973621
0.6292641910741914
0.9521779427651024
0.6096473446373644
0.9539363149547166
0.6134807079468133
0.9546913001549333
0.6105392597333752
0.9555860214105766
0.6041517260323201
0.9534098320874597
0.6024320714670565
0.9529066466664816
0.6049561169892729
0.953805116683225
0.6048623784500583
0.953973172289729
0.6054051169419266
