0.9104401524603828
0.8367742944105605
0.9414830666267718
0.8918095621739145
0.951454329468707
0.7513949879534928
0.952826638438465
0.7954482181211687
0.9548839845299042
0.8817966897905706
0.955576690028376
0.8783996364660157
0.9583796588835851
0.7804963978697994
0.9599375322139881
0.8703152497740494
0.9724635680364236
0.8517794372257177
0.9742137317430017
0.843116554943821
0.9748276617915653
0.8207820277757526
0.9768759247672533
0.8112101404332779
0.9773274554579571
0.8200093787176036
0.9768239881848513
0.8112657901836661
0.9783202814671791
0.8152781734770538
