0.5760837746167411
0.38042827796449785
0.6544471005481908
0.451755709062877
0.6722299703963532
0.4482043296348985
0.6860768565466554
0.49583853396221106
0.7133296849455809
0.4403825679383396
0.7202259415383595
0.46805574187588594
0.7246439105547535
0.46054019438900595
0.727361563511575
0.46950973932271645
0.7316630045299587
0.46646931273087716
0.7312502431169173
0.4637893424492806
0.7309244234199453
0.46959650980007794
0.7324756160927854
0.470319514302095
0.7315152275662445
0.470580316775302
0.7315605857853938
0.47045333129796174
0.729706902095265
0.470334338766757
