0.3813306495434073
0.3195618595873104
0.43358751761937697
0.2933225705789004
0.45939339026677134
0.318005760832004
0.48006560164483514
0.309505578359226
0.48906136945014383
0.2914668899649088
0.5072557637318358
0.32591858586811007
0.5100982677718299
0.3515637636961522
0.5164340409460774
0.33145212508922495
0.5155386415885131
0.3457287168253182
0.5189289641028361
0.3474913537583547
0.5183390466858558
0.3430714896754241
0.5160491626147176
0.3451530604738747
0.5187194505491353
0.3466556125768126
0.5194041989052609
0.3433486438571776
0.5140280625551858
0.34391039751136115
