0.7592784437201691
0.6807568842171356
0.7898912668552998
0.6561437235566284
0.79928725697247
0.5914161092795012
0.8115613727283714
0.6211367418864807
0.8203408979373368
0.6689961385848983
0.8196737773045955
0.5900195730001342
0.8236765652093533
0.5398664790993546
0.8302693134281087
0.559847082053215
0.8412026413358318
0.587153421603192
0.8439879332650988
0.6129530321790347
0.8496536024838756
0.588080001736309
0.8485974383351803
0.6051414410231033
0.8507071220721502
0.6020274854353624
0.8494370004758415
0.612832389283523
0.8531851999061241
0.607941842512704
0.854348684365261
0.6104714060750397
0.8531350510373853
0.6096422641794653
0.8514931006131925
0.6086406491908171
0.8543681525151124
0.6076528927958956
0.8521856444406652
0.6072791189748294
