0.898349438971073
0.8995875476156576
0.9328193575063596
0.8477231304889243
0.9376579858340633
0.8720357439715913
0.9441137417396772
0.9225267860680698
0.9412843014091463
0.9752090061852612
0.9451846010358191
0.9419078217437894
0.9470232175653568
0.8862941377660875
0.9670727369090889
0.8870889819321425
0.9677795636225637
0.8704067143918459
0.9703967622022257
0.8516851116659767
0.9737633827123069
0.8797792893607227
0.974356337282425
0.8765805844578318
0.9744973620458118
0.8755441929650454
0.9736092240275199
0.8793234337895902
0.9745955333827815
0.8748420051590555
