0.6041295163235999
0.5682405407368375
0.6784344825262105
0.6265329377732781
0.6932629163656099
0.6287437862824077
0.7105675010295944
0.6326486785950066
0.7136038926112874
0.5139329178896535
0.7182902868475979
0.5528531446822548
0.7224556530885609
0.7088162437890365
0.793722573551069
0.6787372990766694
0.8033917201863836
0.7145691804638563
0.810285680573128
0.7209324513278699
0.824395454665826
0.7202159641311076
0.8256537094611053
0.7189751572751104
0.8249486047133456
0.722443699952176
0.8270882693889472
0.7173322450573006
0.8263431111459264
0.7218321571250669
