0.5948555960119456
0.4180048627780716
0.6659317044404325
0.4401368827411062
0.6878471114610757
0.5085908436784309
0.6974688824282037
0.5437059415532167
0.7086602529182243
0.367007671606841
0.7446004267809513
0.5172929271205663
0.7524727177195567
0.5351470891385864
0.7570063127220356
0.51059245515876
0.7662365004538795
0.5087034700545845
0.766467828437165
0.5035806621306724
0.7631357880696814
0.5058400859254464
0.7627398060841418
0.5130865266856405
0.7670169809151834
0.5110700268731901
0.7647750039476282
0.5113028969905384
0.761539055016675
0.5106849865072725
