0.801336745917059
0.5960266248313171
0.8513868584394586
0.8101149288112067
0.8692500864971794
0.7143060905304895
0.8737392764958095
0.7989090051161111
0.8743744028930476
0.8329648001917654
0.8928693161090825
0.7720875089204172
0.89058952069826
0.6962216969911399
0.8923194509394645
0.7600131985379066
0.8935669257943455
0.7219310556936062
0.893302847246601
0.7142318422355677
0.8922430469534794
0.7296271062180707
0.8929878136963687
0.7203407716966921
0.8935597948909295
0.7154507556675642
0.890389360168615
0.7242027960513719
0.8927759558508613
0.7208527285889667
