0.6251849861664339
0.5736906523571849
0.7056111319747433
0.5933307752720629
0.7286162555979199
0.7414180645212388
0.7457816752822474
0.7424443158902168
0.7569844149246999
0.7040680371079152
0.7664584036197228
0.6235059206722501
0.7608728054177786
0.7377020868434556
0.7738836747634263
0.6540737028399549
0.8236237452514354
0.70737330717463
0.8334378555769352
0.7068049988238393
0.8357610073829419
0.7084331993561086
0.8437053801871358
0.7322299787947052
0.8453841059296072
0.7299267237890329
0.8454791907832062
0.7414690814207819
0.8521321953723343
0.7409668415803612
